depth = [0
0.0034
0.0068
0.0102
0.0136
0.017
0.0204
0.0238
0.0272
0.0306
0.034
0.0374
0.0408
0.0442
0.0476
0.051
0.0544
0.0578
0.0612
0.0646
0.068
0.0714
0.0748
0.0782
0.0816
0.085
0.0884
0.0918
0.0952
0.0986
0.102
0.1054
0.1088
0.1122
0.1156
0.119
0.1224
0.1258
0.1292
0.1326
0.136
0.1394
0.1428
0.1462
0.1496
0.153
0.1564
0.1598
0.1632
0.1666
0.17
0.1734
0.1768
0.1802
0.1836
0.187
0.1904
0.1938
0.1972
0.2006
0.204
0.2074
0.2108
0.2142
0.2176
0.221
0.2244
0.2278
0.2312
0.2346
0.238
0.2414
0.2448
0.2482
0.2516
0.255
0.2584
0.2618
0.2652
0.2686
0.272
0.2754
0.2788
0.2822
0.2856
0.289
0.2924
0.2958
0.2992
0.3026
0.306
0.3094
0.3128
0.3162
0.3196
0.323
0.3264
0.3298
0.3332
0.3366
0.34
];

conc = [2.02E+18
2.53E+18
3.13E+18
3.86E+18
4.70E+18
5.70E+18
6.84E+18
8.15E+18
9.64E+18
1.13E+19
1.32E+19
1.52E+19
1.74E+19
1.98E+19
2.23E+19
2.50E+19
2.77E+19
3.05E+19
3.33E+19
3.61E+19
3.88E+19
4.14E+19
4.39E+19
4.61E+19
4.80E+19
4.96E+19
5.09E+19
5.18E+19
5.23E+19
5.24E+19
5.20E+19
5.13E+19
5.02E+19
4.87E+19
4.69E+19
4.48E+19
4.24E+19
3.99E+19
3.72E+19
3.44E+19
3.16E+19
2.88E+19
2.60E+19
2.33E+19
2.08E+19
1.83E+19
1.60E+19
1.39E+19
1.20E+19
1.03E+19
8.71E+18
7.33E+18
6.13E+18
5.07E+18
4.17E+18
3.40E+18
2.75E+18
2.21E+18
1.76E+18
1.39E+18
1.09E+18
8.48E+17
6.54E+17
5.01E+17
3.80E+17
2.87E+17
2.14E+17
1.59E+17
1.17E+17
8.54E+16
6.19E+16
4.45E+16
3.17E+16
2.24E+16
1.57E+16
1.10E+16
7.57E+15
5.19E+15
3.53E+15
2.38E+15
1.59E+15
1.06E+15
6.97E+14
4.56E+14
2.95E+14
1.90E+14
1.21E+14
7.68E+13
4.83E+13
3.01E+13
1.86E+13
1.14E+13
6.95E+12
4.20E+12
2.52E+12
1.50E+12
8.82E+11
5.16E+11
3.00E+11
1.73E+11
1.00E+11
];